1,7.31196062529165,18.0756407793033,15.4646222599764,1,2,3,2,2,11,6,15,
1,9.3536824401952,12.5728105093665,14.1187574005061,1,3,1,2,2,16,10,8,
1,8.09310378712217,12.9861122159934,15.2862061395022,1,3,3,1,2,12,13,7,
1,6.95707777380963,17.48238137997,13.6481009398264,1,3,3,2,2,16,12,13,
1,5.16671065177623,12.5372950247151,11.7126419641969,1,3,2,1,2,10,16,17,
1,8.91902812149554,13.5897465387229,16.4178836675385,1,3,2,2,2,8,10,14,
1,7.60460046216637,13.1495339267558,17.4792496062609,1,2,1,2,2,22,17,12,
1,7.63689569637251,13.3224002084785,13.8306922222188,1,3,6,2,2,12,7,10,
1,8.71555508088727,13.4194501650692,11.9459402074876,1,3,4,2,2,15,5,12,
1,8.57778821626714,15.255303579481,15.7282800138747,1,3,6,1,2,13,7,20,
1,8.32237784796609,13.661087232222,14.3575401420667,1,2,1,2,2,12,9,9,
1,8.68762437190073,12.8809117660145,10.9882913043389,1,3,6,2,2,10,8,5,
1,8.53387350219101,17.2705134387992,14.451006595628,1,3,6,2,2,9,10,10,
1,7.73886579924541,13.5726565792129,13.1890523551612,1,2,2,2,2,15,14,22,
1,5.41990569168618,13.6558024930916,13.7663844986503,1,2,4,1,2,17,13,22,
1,8.35150582192008,13.8442205022596,12.1389299468165,1,3,4,1,2,16,10,15,
1,7.59202192092891,15.7739802769743,18.0447393158562,1,3,1,1,2,20,10,12,
1,7.48003907808582,13.9074326431503,13.7860123225782,1,3,6,2,2,15,8,20,
1,6.00258963835689,13.9927326572549,11.2431136569284,1,2,2,1,2,19,10,16,
1,7.11785035905434,12.4637847760545,14.8402321748026,1,2,3,2,1,9,13,17,
1,8.12467429217697,13.3122454566511,14.9718929719616,1,3,6,2,2,21,15,12,
1,9.18166166744909,14.2249015344693,12.4796355824021,1,3,4,2,2,15,9,13,
1,7.53959716343328,12.6840154810257,8.68220475689551,1,2,1,2,2,16,8,16,
1,8.09066380906918,15.3438741470807,13.1687364676162,1,2,6,2,2,16,11,9,
1,7.59463276525815,10.477340969326,15.5851427579769,1,2,6,1,2,17,6,13,
1,6.10786032613608,14.8098602691077,14.3275809515684,1,2,2,2,2,20,10,20,
1,7.18881013546011,10.4344758133829,14.2508469690877,1,3,6,1,2,6,19,9,
1,7.21207326626547,13.3675468222405,15.5658135178335,1,3,1,2,2,15,17,9,
1,7.58844372756672,12.8279172679349,12.0792949171011,1,2,6,2,2,12,6,13,
1,8.89104493371404,12.5339750942385,16.6352599376713,1,2,4,2,2,12,11,12,
1,8.51256994629551,13.9470023495356,14.4360892201279,1,3,6,2,2,12,6,16,
1,7.47023243633457,9.53730114995407,15.8581193196172,1,3,3,2,2,19,12,13,
1,7.37041640469443,16.8753404446724,16.5102096924176,1,3,5,2,2,10,9,14,
1,8.43817554206322,10.1293572582695,14.8926851672173,1,3,4,1,2,19,9,14,
1,8.28053811599984,12.9816355466114,12.6933808473116,1,2,6,2,2,12,13,7,
1,6.88121964561246,11.4328325804865,16.7673303981747,1,2,5,2,2,19,7,13,
1,6.86016450021377,12.299599283705,10.4556265871377,1,3,2,2,2,16,19,12,
1,8.06472091299819,19.0371066488291,13.359678069264,1,3,2,1,2,15,14,11,
1,8.51858912221109,14.1233758959631,13.9365877405549,1,3,6,2,2,18,16,18,
1,7.52885751237093,11.0283416653606,14.1152750211038,1,2,6,2,2,7,7,16,
1,8.64507507847074,10.1872053965317,16.482984822792,1,2,3,2,2,17,12,18,
1,8.10238746698624,15.1508426489103,14.7185696450616,1,2,6,2,2,10,13,15,
1,6.96743058163687,14.0380160090229,15.2592143047287,1,2,4,2,2,12,5,13,
1,8.03835934987775,13.3269690451821,14.3077635777524,1,2,4,1,2,20,7,14,
1,6.38616526791914,11.8757296962548,13.9525636342032,1,2,6,1,2,18,10,13,
1,9.2651927131615,10.5507791566785,15.8346537112459,1,3,6,2,2,11,19,8,
1,9.8802095774529,11.5295222586812,16.7339350125551,1,3,6,2,2,11,15,12,
1,7.24248666402157,16.4561919745963,9.65161814154256,1,2,2,2,2,9,10,18,
1,6.48192563625218,12.607162378765,15.5895963264155,1,2,6,1,2,9,11,14,
1,8.29520796084709,10.7953853052042,15.1944771993213,1,3,3,2,2,14,8,12,
1,7.50334298697363,18.5198592516676,13.5981741190939,1,3,5,2,2,12,13,12,
1,10.3534784009463,15.0912856200756,16.344402200719,1,3,6,2,2,15,15,12,
1,7.61099764184379,13.5155187778029,13.6700694036699,1,3,3,1,2,17,9,17,
1,8.43005883947279,16.5949650231829,13.8793997144955,1,2,6,1,2,11,14,11,
1,7.68654908811386,16.1864857779018,16.1576268575469,1,3,1,2,2,11,13,10,
1,6.81996526350799,12.611966608179,17.8780943920569,1,3,5,2,2,12,11,20,
1,7.86720847509532,19.3194659549029,14.9856198260265,1,3,3,1,2,10,10,15,
1,5.62708467847511,13.4766320773624,13.6043273528823,1,3,4,2,2,14,8,6,
1,9.30174383110704,10.700262510459,12.0739978199838,1,3,6,2,2,11,8,14,
1,7.82727787404253,13.7392666468119,13.7862099817879,1,3,1,2,2,17,8,12,
1,10.0961734463551,14.5747834004002,12.5714186725565,1,2,1,2,2,15,15,10,
1,8.18935608104566,19.5613240785,13.930079002196,1,3,6,1,2,14,16,12,
1,6.85741031610235,14.3332575557884,15.2336962805112,1,3,1,2,2,14,8,8,
1,8.34128199222674,15.1670139458136,12.7469583358993,1,3,2,2,2,14,18,10,
1,6.60556018195298,13.8989133060379,19.7328962649048,1,3,4,2,2,12,15,9,
1,6.24653856651321,13.2891446385637,14.7580581471885,1,3,6,2,2,14,9,20,
1,7.98254761880733,13.9996367219894,16.7019665543315,1,3,1,2,2,13,8,18,
1,7.15701605505307,15.9519703135788,9.87903816660237,1,3,4,2,2,16,10,10,
1,7.65632857416237,19.0088043753133,15.9253452718898,1,3,4,2,2,12,12,11,
1,7.73861450189457,16.5211544945399,11.8203190880918,1,3,4,2,2,10,15,12,
1,6.99271708397799,16.9497076310574,16.2821275500892,1,3,1,2,2,14,10,16,
1,7.01614605833776,11.1588598339193,15.2411809947449,1,3,6,2,2,16,10,13,
1,7.50320365134622,16.4178909407052,13.6335707767225,1,3,2,1,2,9,4,13,
1,8.97875283160339,14.6041894329316,17.0891763493589,1,3,6,2,2,11,13,18,
1,5.94324881017773,10.5987592873642,13.0475160761859,1,3,2,2,2,10,9,16,
1,8.3224282586334,15.319009698251,13.2881957834843,1,3,1,1,2,10,4,17,
1,8.02918052601067,13.7051872143277,12.4492147734902,1,2,3,2,2,13,8,19,
1,8.84955641685733,17.5590751004143,13.1134701069827,1,3,4,2,2,14,10,11,
1,7.31331392743159,12.2633642280597,16.3327733092749,1,2,4,2,2,14,13,12,
1,8.07082960587244,13.06073553832,15.3121612978374,1,3,2,2,2,8,9,13,
1,7.95519149844966,11.8834516361602,16.4524458653562,1,3,6,2,2,13,7,14,
1,7.04552602169151,13.6616250030302,13.6683104951542,1,3,4,2,2,10,9,11,
1,9.01221373130325,15.0364722336994,15.1977613957474,1,2,6,2,2,14,12,13,
1,8.95888314684515,12.3448743009616,14.9339590062615,1,2,6,2,2,15,8,10,
1,8.44182746080403,16.0534217432395,11.6008009470264,1,3,6,2,2,10,9,13,
1,9.43800912798033,11.214034163953,17.9954277904863,1,3,1,2,2,10,11,14,
1,8.28258664367119,11.5941150180597,14.7150293448808,1,2,4,2,2,17,14,13,
1,6.22074268002582,17.50345214727,15.9744277684555,1,2,6,1,2,8,15,18,
1,7.01098135331663,11.6704095998757,16.3526309633333,1,2,6,2,2,7,9,15,
1,6.27914552403844,15.0601246914801,14.3458539620446,1,3,6,2,2,14,9,15,
1,7.12318667545658,13.1773859419869,13.8365290610146,1,2,2,1,2,7,9,7,
1,6.95805966758081,15.0540165742065,16.2299878372164,1,3,3,2,2,10,15,13,
1,7.70240687002337,18.0915402516162,12.3569755469421,1,3,1,1,2,15,8,13,
1,6.63160008016411,17.848711337425,18.3803563183137,1,3,1,2,2,8,12,21,
1,7.83264342077191,13.2964876608523,13.6812537626866,1,3,6,2,2,21,9,10,
1,6.91961329979602,8.65682431917499,17.7474317148107,1,2,6,1,2,14,3,9,
1,9.64076207923233,20.0116406406533,17.4642196033059,1,3,6,2,2,17,9,14,
1,8.46035947135685,15.6657234603139,14.6123023850889,1,3,3,2,2,13,11,12,
1,8.67773340314863,15.3672137305664,15.578584439738,1,2,3,1,2,11,13,14,
1,8.08674675010402,14.0502668197307,12.4023702030313,1,3,4,2,2,15,16,11,
2,9.17730775368985,5.783426915421,8.89458241875606,4,2,3,2,2,10,6,12,
2,10.1947667196631,6.3304586398249,5.45047945106132,4,2,3,1,2,15,4,13,
2,8.86113278170573,8.17063911764424,9.32883337051279,3,2,3,1,2,14,7,10,
2,8.08002077359524,9.0056503146267,9.25252059305648,3,2,6,1,2,18,2,10,
2,7.79530836734715,5.65156724672166,11.723623902768,6,2,5,2,1,21,1,10,
2,8.67051836228734,6.11841748465254,10.6247831404074,4,2,6,1,2,14,5,11,
2,10.2308406117679,7.9426891323597,12.1717258655529,4,2,5,1,2,15,5,14,
2,8.03789100500518,8.81641990219449,10.5794010023248,4,2,5,1,2,17,2,12,
2,8.55037887256208,6.57270821795015,12.5190448881948,4,2,2,1,2,15,4,12,
2,6.89397911825271,4.48829426265946,10.7166671133324,4,2,1,1,1,13,2,7,
2,9.41918358491361,10.0388998290899,14.5061570208611,3,2,5,1,2,17,4,11,
2,10.5679294357134,9.55431999992677,9.81241064205645,3,2,5,1,2,21,1,10,
2,10.8349847768078,5.76073576765929,12.3158200993124,4,2,5,1,1,18,4,12,
2,9.87155782459702,6.90176634276646,9.45315950212259,3,2,6,2,1,17,3,7,
2,6.08119230373837,3.90571360833887,12.1145230018925,4,2,2,2,1,10,8,10,
2,9.40184014489329,8.02420770584865,11.4917436420435,4,2,6,2,2,9,4,4,
2,9.36527927364191,9.86778290905498,7.50577089228468,4,2,6,1,2,15,4,11,
2,8.22225576325178,4.12176749464521,11.2567520754235,3,2,6,1,1,10,7,7,
2,8.96196145992252,5.63838046812652,14.4820779305137,4,2,3,1,2,22,4,11,
2,7.501264165543,5.88308548805105,13.2673482409038,4,2,2,2,1,11,4,8,
2,9.68027831025635,5.81243771507783,11.9568198581359,4,2,3,2,2,20,8,17,
2,8.25938899683019,3.42154859982203,8.70440478572274,4,2,6,2,2,13,8,11,
2,6.50577473908977,7.90262680121588,14.4553268209266,4,2,2,1,2,10,4,9,
2,8.20241721360014,4.30828244818136,11.8008528582646,6,2,1,1,1,20,2,10,
2,10.6477517344236,6.9726182987096,10.50780175903,4,2,6,1,2,17,3,9,
2,8.24925070764222,8.06533930377935,15.6067058108656,4,2,5,2,1,15,3,10,
2,9.75584479547993,6.66636869223954,9.73383821567295,4,2,3,1,2,22,5,10,
2,10.0577697862567,8.59407518330196,12.3467337658757,3,2,6,2,2,17,3,8,
2,8.72744974320174,6.97134973074882,14.7293123384048,3,2,2,1,1,17,5,10,
2,8.22377781659171,5.87162128536902,13.074533167865,6,2,1,2,1,15,2,16,
2,7.97333587259471,8.15971683464372,10.8603059413699,4,2,6,2,2,14,8,16,
2,9.76550137461844,6.24971303328853,10.5890306710279,4,2,6,1,2,12,4,15,
2,7.21969120272993,10.1511635895481,12.4728171135213,4,2,1,1,2,11,1,15,
2,9.06887618757032,6.98453235330911,12.8584261424298,4,2,5,1,1,15,5,10,
2,8.31248061188019,8.52477312395587,11.6532913549304,4,2,3,2,2,22,5,12,
2,5.52333039508685,7.3795898815697,14.8187136665123,4,2,3,2,2,19,3,9,
2,6.73201379272198,1.69796540862812,11.4476614019905,4,2,1,2,1,13,8,11,
2,10.0146117088557,4.60125003440635,9.90259099241921,3,2,5,2,1,18,5,14,
2,8.45116284478536,6.2669185401808,12.9164944102975,6,2,5,2,2,10,4,14,
2,9.85543405043529,7.43553730958272,6.24611611113336,4,2,6,2,2,12,7,10,
2,11.3862569601031,2.87439886746527,12.5625268952737,4,2,3,1,2,8,7,6,
2,10.8022842769391,8.7172984491056,12.8181956319801,5,2,6,1,2,17,7,11,
2,9.67750766827462,5.948069233005,11.0603546937722,4,2,6,2,2,13,4,11,
2,9.25772698862101,5.68557610628777,8.88746953589006,6,2,1,2,2,19,2,7,
2,8.44901742204896,4.26617532424504,10.6460724455494,4,2,1,2,1,14,7,11,
2,10.9491419746574,4.44603359106575,15.3821821436219,2,2,6,1,2,14,5,14,
2,9.56309124010102,7.11642568179358,9.79734394133757,5,2,5,1,2,13,3,9,
2,7.06420803248134,7.91749008314398,5.92970626388454,5,2,2,2,2,10,3,16,
2,8.50147965155702,3.30732706012948,13.5859880922432,3,2,2,2,1,10,9,18,
2,6.01183590709771,5.24089898944723,10.3871676556713,3,2,1,1,1,22,4,14,
2,8.44554343461133,7.96417485388915,10.363848048214,3,2,3,1,1,9,6,13,
2,5.06100414678827,6.21575576831915,8.6482784232897,4,2,6,1,2,16,5,11,
2,10.5765432391767,10.8456399978937,11.5530423180752,3,2,5,1,2,14,6,11,
2,7.82388459640013,9.21955784103254,13.3156618267197,3,2,6,2,1,14,3,16,
2,8.11413074064225,8.06978336259436,10.1773199496068,4,2,1,1,1,19,2,13,
2,8.48217012102883,7.02545603037084,10.1304515829631,4,2,6,1,2,21,3,11,
2,9.5856599266231,7.51078712265086,14.2785567702513,3,2,3,1,2,11,5,12,
2,9.67902083287172,5.76863085025664,11.0052331972934,4,2,1,1,2,17,5,16,
2,9.52315830102572,8.12728391043758,11.2185793535773,4,2,6,2,1,13,8,11,
2,7.91283795353093,9.63414464210186,10.0840595645397,6,2,6,2,2,19,5,13,
2,6.79634106613783,8.93254813423177,13.8007496804468,3,2,6,1,2,11,6,12,
2,8.1723829539672,5.57883476810918,9.1868807972822,3,2,5,1,2,13,2,13,
2,9.11363961939846,4.15430922691713,13.6761039008657,3,2,5,1,2,19,4,9,
2,7.559090306549,6.82292528709279,13.5700539632859,4,2,6,2,2,17,3,13,
2,8.62403909745969,7.79640317467179,10.4692588165791,4,2,1,2,2,10,5,14,
2,7.07255916773707,9.40565691204087,13.6740824784226,4,2,2,2,1,18,8,12,
2,8.70950709081051,4.68524421407851,14.0109964234926,4,2,6,1,2,12,6,8,
2,8.90317627110032,7.66112685674264,13.0097497589358,4,2,1,2,1,20,4,11,
2,8.51527002678605,7.42969545518266,16.5389482264948,4,2,5,1,1,17,4,11,
2,8.48980506036173,9.12797988209452,6.82918279409374,4,2,3,1,1,10,6,14,
2,11.2112847473257,6.96746869010456,8.77111935325058,4,2,1,2,2,11,3,11,
2,9.79797237422483,6.38504081881312,8.25582738162796,5,2,5,1,1,15,4,12,
2,10.2905231658653,4.98901402668991,12.0163183082184,4,2,3,2,2,24,9,9,
2,7.41771772423166,6.10191256352441,15.4669253159062,4,2,6,2,1,18,3,8,
2,8.95328131541259,6.37650936279449,15.694035212781,4,2,2,1,1,15,2,6,
2,10.3517934374559,11.1730869489616,12.7970961198487,6,2,1,2,2,17,5,13,
2,8.64143361906232,11.3427942823404,13.7477555792895,4,2,1,2,2,14,3,8,
2,5.71469003947839,6.72205333191361,11.2551732688659,4,2,2,1,1,11,5,13,
2,9.20814367697588,5.17139878346811,12.7500353147079,4,2,2,1,2,14,5,10,
2,6.0315387745692,3.52826108835617,12.5242004857056,4,2,5,2,2,18,7,9,
2,7.57590798829957,7.92686551993796,9.75466447598163,2,2,2,1,1,9,4,10,
2,10.5906657721565,5.08845898964322,10.893735245438,6,2,2,2,2,12,4,8,
2,9.5904869223255,11.0565709195055,11.2796074864277,5,2,6,1,1,9,5,9,
2,10.2626200499976,5.45086373256991,15.0023228517469,4,2,1,2,2,20,3,16,
2,9.15414946990619,7.21327852568585,9.08266468199344,4,2,6,1,2,10,7,13,
2,8.56570042533737,13.7541788720533,6.45907070758901,4,2,5,2,2,15,2,8,
2,7.41615636220284,5.05603640568252,13.4789174808326,3,2,6,2,2,8,2,7,
2,10.9703522166342,7.56066090287347,9.62043336977642,6,2,6,2,2,8,0,14,
2,8.78479167211802,5.05960027324556,10.5459542024233,4,2,5,1,2,20,7,9,
2,7.71151405904805,7.63154307752269,13.8111491060882,4,2,2,2,1,12,6,13,
2,9.94289001639962,5.47270646550947,9.74968200663568,4,2,5,1,1,11,12,14,
2,10.2382949939172,7.15350726685705,10.7773989909388,3,2,2,2,2,18,5,17,
2,11.3978071431092,6.49189396967109,15.2667377651776,3,2,2,2,2,21,6,10,
2,7.86983746621184,4.92460158174641,12.894532422019,4,2,5,1,1,18,7,11,
2,8.16935350921424,7.03678712602296,12.9283423837371,4,2,3,2,1,17,4,15,
2,8.1335546528214,8.77017563630392,11.2751459098511,4,2,4,2,1,7,4,11,
2,8.19082981760112,9.83528441579051,8.83976156736418,4,2,6,2,1,13,2,11,
2,8.2035747442936,4.58958103304979,7.96333607863901,4,2,6,1,2,20,6,15,
2,8.30375746841227,6.57545540235553,11.0639809367183,4,2,5,1,1,12,7,13,
2,10.7570160987119,9.06692238073695,16.4826386850385,3,2,5,1,1,11,6,11,
3,11.0285240613605,18.4379795232493,6.13919902000969,4,2,1,2,1,0,9,8,
3,10.9509488368859,17.9670458523694,12.3456151780925,3,2,1,1,2,6,11,5,
3,11.178611130755,17.2772447183439,13.4598159149121,3,2,4,1,1,2,14,3,
3,10.207303487692,13.380477727038,13.2851056849828,3,2,3,1,1,3,10,10,
3,8.83586066992924,10.8749437565085,4.05743289994049,2,2,3,1,1,4,15,9,
3,14.3491146404207,13.1513566111918,10.588878085301,3,2,4,2,2,2,13,8,
3,10.1552382650182,7.85703828068204,17.1979944730028,3,2,3,2,1,1,11,13,
3,10.3244918950916,13.1869624736794,13.6686256960367,3,2,2,1,1,2,19,4,
3,8.30329183723524,18.1994623123423,6.19098133568053,3,2,4,1,1,0,8,8,
3,10.3929503548139,14.3164761921343,6.32706545691345,4,2,2,1,2,1,10,6,
3,10.3939033617125,16.7671065316507,12.7565191076469,2,2,3,1,2,2,16,13,
3,10.3827990896525,15.2266676809352,10.7717915594609,3,2,2,1,1,2,18,5,
3,8.31060355758104,12.0057117384289,14.1594509412925,1,2,2,2,1,1,12,8,
3,13.1433849918569,18.4119846188281,12.1678640137489,3,2,2,2,1,2,13,4,
3,13.1148661379898,13.7848180062477,11.5328273271822,3,2,2,1,1,2,21,8,
3,11.661641006909,11.5062996233133,11.8391528843089,4,2,5,1,1,1,18,4,
3,9.23910660198272,14.1633503940427,11.787214240182,3,2,1,1,1,2,12,6,
3,11.6953458938277,10.127135685497,7.50289526923654,3,2,5,2,1,2,17,6,
3,10.3950313190796,16.1776216368064,18.3015872485802,2,2,5,1,1,0,11,2,
3,10.2958266536721,15.2577214710719,7.07798149244589,3,2,4,1,2,3,18,3,
3,12.5723460289062,13.0828647948212,11.2405305300703,4,2,1,2,1,2,17,4,
3,9.06706911838782,12.7434423853027,9.66699371956792,2,2,5,2,1,2,13,9,
3,10.0367959856389,16.3617865208094,16.6623375620137,3,2,2,2,1,1,15,6,
3,9.7391438054533,11.2857165016116,14.3090879657852,4,2,1,1,1,2,14,8,
3,10.7552603407759,11.4853038641783,9.60911610796091,3,2,1,2,2,2,14,4,
3,8.6002702289065,15.0613519028501,11.9040775122387,4,2,3,1,1,0,13,4,
3,9.77684388755771,12.8377037476581,14.7686600125779,4,2,2,1,1,1,15,3,
3,11.6972710117243,16.3333188334589,17.9639077875267,2,2,2,2,1,2,12,10,
3,11.3580222061544,13.4794629873303,12.1930426577702,4,2,1,1,2,1,11,7,
3,9.41073327011619,17.018439473652,8.18049653144982,4,2,2,1,1,1,14,7,
3,11.4852186968835,15.2424232338744,8.35643489493266,3,2,4,2,1,1,11,5,
3,7.43689594106973,8.2819213840777,17.2758279883178,3,2,4,1,1,1,4,7,
3,10.2678188809296,10.5924771205992,5.11294400589046,3,2,2,1,1,5,11,14,
3,11.6933484790255,17.2417390283802,20.408901767722,4,2,4,1,1,1,9,8,
3,9.8367812455224,15.7382993534472,10.511319350576,3,2,5,2,1,3,18,7,
3,10.6792767533047,11.5278643869154,9.93531629354551,2,2,4,1,2,3,14,8,
3,8.57263642149901,10.5660077216549,11.7612715449919,3,2,4,1,2,2,7,8,
3,11.8756935169658,16.6090791012211,14.0761971028853,4,2,1,2,2,1,13,8,
3,8.22474749278758,11.9222421051571,12.1947231397974,2,2,4,2,1,5,8,8,
3,10.2905975928582,18.5597081301091,5.45435556036741,3,2,1,1,2,1,12,6,
3,10.3831539653504,18.4830515667874,12.3460275821961,2,2,4,1,2,1,10,7,
3,10.8109669689324,10.2894421402979,12.6351225936156,3,2,5,1,2,1,14,7,
3,9.61425598899132,11.8362031034591,13.2591163661911,3,2,1,2,1,3,18,9,
3,13.2043666631669,10.8080751171259,8.2135746992849,3,2,1,2,1,4,12,9,
3,8.7936946908436,15.678596905068,4.21645346361735,3,2,3,1,1,1,19,8,
3,11.0724100338553,10.7057512235952,10.3226656952268,3,2,1,1,2,2,16,8,
3,6.75068614454561,8.81563328369408,8.4735303153427,4,2,2,2,1,1,17,9,
3,10.731802497226,19.1174771252693,9.00586852569486,3,2,2,1,1,3,14,5,
3,11.4181690010566,16.5387504536576,8.44524223670401,3,2,1,1,1,3,13,10,
3,9.26078435080514,16.0591316378647,10.1035699099736,1,2,4,1,2,2,16,9,
3,11.6822526533422,12.2975771999167,10.3625271730069,2,2,2,1,1,1,13,10,
3,11.1763822025509,13.9552461002563,13.6665315808541,4,2,1,1,1,2,16,6,
3,12.0496155225624,15.5576805436095,14.2344573556724,3,2,4,2,1,1,15,7,
3,9.58739905199744,10.729956802771,8.9204071795961,2,2,2,1,2,3,10,4,
3,9.41522885651106,13.6683124914044,10.3696856111953,3,2,2,2,2,4,11,4,
3,8.33145064103662,14.4302249138878,12.3696237377451,3,2,2,1,1,3,13,6,
3,10.2921946592572,18.2830054074961,15.4648703883938,3,2,3,2,1,4,15,1,
3,8.91698426845743,15.6147102925681,11.1238368373804,4,2,1,1,2,4,17,3,
3,11.6596868487905,17.2403620788117,6.22202100619777,4,2,2,1,1,1,7,6,
3,10.8249844467286,14.3408415866088,11.9829448893853,4,2,1,1,1,2,15,8,
3,13.6915171235922,11.1584928757525,10.935796243272,4,2,4,1,2,2,16,3,
3,9.16202384599587,13.1212250728432,16.579926221231,3,2,1,1,2,2,14,12,
3,12.3274917118081,9.75592266270808,12.3158476824392,4,2,1,2,1,3,14,6,
3,10.0149443812866,16.342885729819,9.43207690363316,3,2,1,2,1,2,16,7,
3,8.75755059956862,17.5821876490521,9.9796884610355,3,2,1,1,1,0,15,6,
3,11.5038235204908,13.8246059670264,9.78342971894645,5,2,1,1,1,2,14,8,
3,8.78901090347798,11.4927160189761,11.8462343489445,3,2,4,1,1,1,13,8,
3,9.30074853461589,16.7449136872421,11.8175380139393,3,2,4,1,2,3,18,6,
3,9.7365500514609,14.337743308181,14.0238594823917,3,2,3,1,1,3,23,12,
3,11.0139151010922,13.0028882316452,12.2464876574132,4,2,1,2,1,4,13,4,
3,9.37688050725036,16.8374474681981,10.1970144120444,5,2,4,1,2,2,12,12,
3,12.1869874622796,12.0541298726396,8.48453299069872,4,2,5,1,1,3,8,5,
3,9.10618520432899,16.9018885680062,13.184974782572,3,2,1,2,2,1,13,9,
3,11.0216681315231,11.8442743517503,11.1046865437041,5,2,1,1,1,2,13,6,
3,10.922146625925,14.9779625936184,11.8366942973392,3,2,1,1,1,1,15,7,
3,9.28645279229839,16.2477123359576,14.5841979627686,4,2,4,1,2,2,17,8,
3,10.1485575079144,10.5927632104461,16.5188856746332,3,2,1,2,1,3,16,8,
3,9.84064832175777,14.9950042145343,8.44513125853707,3,2,4,1,1,3,12,9,
3,12.026703053866,13.7005017610577,16.1967677468325,4,2,1,2,1,4,18,7,
3,12.83404947001,15.7000720790058,8.70497036862528,2,2,1,1,2,1,7,7,
3,9.32021792294389,11.9811082055372,12.0858853568025,3,2,2,1,2,0,15,3,
3,11.9877037269491,13.7629791497569,11.9546522321592,3,2,3,1,1,1,9,7,
3,10.6264467253647,17.4944598241768,10.4648974517512,3,2,1,1,2,1,17,13,
3,8.06669503963084,14.4118084274085,15.4513296582503,2,2,1,2,1,2,10,8,
3,9.70571020613322,16.0745407750522,9.32507078213731,3,2,3,1,1,5,19,10,
3,11.3525207904468,13.4228946306624,13.2620417254367,2,2,1,1,1,2,15,6,
3,10.9248793756633,11.3695685285618,11.2515879193187,4,2,2,2,1,3,23,10,
3,7.42380920140767,13.9561490601174,8.51177816920668,2,2,3,2,1,3,15,7,
3,11.513770684041,10.8728078330558,14.9155447119126,1,2,2,1,2,2,11,6,
3,11.6148933391866,7.3905973057095,5.05992500022251,4,2,4,1,1,2,12,9,
3,10.3164986134137,16.9530974344107,9.72120028713521,4,2,4,1,1,0,11,8,
3,9.77111350221449,11.2234931785578,6.69188467067622,3,2,5,1,1,4,18,6,
3,13.3962943525038,9.34622515804864,11.8709580160682,3,2,4,2,1,1,14,8,
3,10.6067552032971,16.5115969766192,12.080127665232,4,2,2,1,2,2,11,6,
3,10.7095667006261,13.9537716869255,7.95304480559024,4,2,5,1,1,3,15,3,
3,9.20836887956413,12.4610309051513,13.2334618044363,2,2,1,2,1,1,13,7,
3,8.90977301102336,13.5319654016916,8.2091601164041,4,2,4,1,1,2,15,6,
3,8.66753098938783,12.9020393457427,13.258073908395,4,2,2,2,2,1,14,7,
3,10.1575627493457,16.5150940415724,12.0007787006577,3,2,4,1,1,1,12,8,
3,12.5700189052308,15.8319242643984,13.4253895289306,4,2,2,2,2,2,16,6,
